A = 0.049;

cW = 0.35;

g = 9.81;

m = 0.5;

phi_0 = pi/4;

rho = 1.25;

v_0 = 25;

y_h0 = 0;

y_v0 = 0;
